tensor([ 0,  1,  2,  3,  4,  5,  6,  7,  8,  9, 10, 11])

torch.Size([12])

12

tensor([[ 0,  1,  2,  3],
        [ 4,  5,  6,  7],
        [ 8,  9, 10, 11]])

tensor([[[0., 0., 0., 0.],
         [0., 0., 0., 0.],
         [0., 0., 0., 0.]],

        [[0., 0., 0., 0.],
         [0., 0., 0., 0.],
         [0., 0., 0., 0.]]])

tensor([[[1., 1., 1., 1.],
         [1., 1., 1., 1.],
         [1., 1., 1., 1.]],

        [[1., 1., 1., 1.],
         [1., 1., 1., 1.],
         [1., 1., 1., 1.]]])

tensor([[ 1.1054,  0.2293,  1.1883,  0.0604],
        [-1.7429, -0.0596, -0.5984,  0.7419],
        [ 1.1175, -0.6515,  1.5677, -0.8295]])

tensor([[2, 1, 4, 3],
        [1, 2, 3, 4],
        [4, 3, 2, 1]])

tensor([ 3.,  4.,  6., 10.])
tensor([-1.,  0.,  2.,  6.])
tensor([ 2.,  4.,  8., 16.])
tensor([0.5000, 1.0000, 2.0000, 4.0000])
tensor([ 1.,  4., 16., 64.])

tensor([2.7183e+00, 7.3891e+00, 5.4598e+01, 2.9810e+03])

tensor([[ 0.,  1.,  2.,  3.],
        [ 4.,  5.,  6.,  7.],
        [ 8.,  9., 10., 11.],
        [ 2.,  1.,  4.,  3.],
        [ 1.,  2.,  3.,  4.],
        [ 4.,  3.,  2.,  1.]])
tensor([[ 0.,  1.,  2.,  3.,  2.,  1.,  4.,  3.],
        [ 4.,  5.,  6.,  7.,  1.,  2.,  3.,  4.],
        [ 8.,  9., 10., 11.,  4.,  3.,  2.,  1.]])

tensor([[False,  True, False,  True],
        [False, False, False, False],
        [False, False, False, False]])

tensor(66.)

tensor([[0],
        [1],
        [2]])
tensor([[0, 1]])

tensor([[0, 1],
        [1, 2],
        [2, 3]])

tensor([ 8.,  9., 10., 11.])
tensor([[ 4.,  5.,  6.,  7.],
        [ 8.,  9., 10., 11.]])

tensor([[ 0.,  1.,  2.,  3.],
        [ 4.,  5.,  9.,  7.],
        [ 8.,  9., 10., 11.]])

tensor([[12., 12., 12., 12.],
        [12., 12., 12., 12.],
        [ 8.,  9., 10., 11.]])

False

id(Z): 140463334995328
id(Z): 140463334995328

True

<class 'numpy.ndarray'>
<class 'torch.Tensor'>

tensor([3.5000]) 3.5 3.5 3

